Multiple size <= 100
TEST 1 ARG:2 10 1 8 83 35 9 71 59 81 38 40 51 44 16 70 33 4 77 37 23 56 18 41 75 82 42 80 32 6 53 99 69 24 11 30 22 76 63 29 61 60 25 94 91 58 46 66 96 90 34 74 95 78 15 14 89 55 17 45 27 64 36 85 12 26 93 88 68 31 62 65 86 21 48 47 0 49 67 3 13 73 28 84 87 7 97 72 20 57 5 39 19 92 98 54 43 79 50 52
TEST 2 ARG:22 38 34 95 36 79 40 45 14 1 2 91 29 17 41 21 43 19 86 42 32 81 77 39 64 67 73 80 88 82 99 92 98 75 84 96 72 4 16 68 5 8 76 48 53 24 62 35 83 58 23 69 90 28 51 26 13 33 85 57 60 74 94 10 18 56 49 7 87 97 20 59 93 46 47 25 63 54 0 3 66 52 70 44 9 89 55 50 37 71 30 61 15 65 6 78 12 31 27 11
TEST 3 ARG:64 85 78 72 58 54 45 1 74 88 16 56 52 82 5 43 51 67 42 44 41 25 73 81 31 57 30 21 95 28 24 76 6 49 68 19 75 33 50 84 65 27 3 71 90 91 66 38 80 15 39 60 70 14 34 87 94 10 17 62 77 92 97 0 98 8 69 20 96 59 93 40 2 55 13 99 37 53 86 83 26 63 46 35 48 79 61 22 12 4 47 23 32 18 9 7 89 29 36 11
TEST 4 ARG:21 96 74 25 20 45 38 35 60 78 49 37 10 6 24 52 53 66 65 7 72 32 50 63 1 82 58 39 42 51 73 16 98 94 40 5 59 90 15 57 93 9 91 41 11 26 77 47 92 64 36 28 80 0 27 99 3 46 8 14 13 84 83 44 71 62 12 29 81 34 95 56 76 48 17 61 30 79 43 31 97 23 22 86 33 87 67 75 68 19 89 4 18 2 54 69 70 85 88 55
TEST 5 ARG:96 80 94 28 13 48 57 29 35 51 66 21 30 15 22 91 2 59 75 67 64 53 33 6 86 25 88 5 60 77 32 4 97 31 12 42 73 82 47 38 55 76 87 37 83 44 18 58 93 78 20 56 62 71 79 41 81 45 46 39 70 8 50 23 1 89 72 90 85 68 16 17 19 65 11 84 63 0 27 98 10 69 49 26 24 61 99 52 36 95 34 40 3 54 9 92 14 43 7 74
TEST 6 ARG:82 77 86 94 50 47 22 58 54 24 3 45 88 8 52 56 34 61 7 38 27 78 6 98 91 21 12 57 64 29 69 35 40 92 39 28 83 18 72 97 55 81 42 5 13 2 63 33 14 36 23 80 99 95 10 20 11 74 75 60 96 85 51 19 26 17 89 66 76 49 48 32 37 90 46 9 43 30 87 84 44 62 0 25 53 67 41 79 73 65 68 71 59 31 4 1 70 93 15 16
TEST 7 ARG:59 36 13 82 88 30 26 24 83 48 25 89 23 29 12 55 68 73 52 47 74 97 46 17 35 87 21 9 67 92 18 57 80 99 27 53 78 96 64 1 22 15 77 62 58 20 8 63 98 66 72 16 71 33 28 19 65 95 6 11 37 3 70 49 75 56 34 4 10 44 14 84 5 91 43 40 76 54 61 42 93 31 69 7 90 51 79 38 41 94 2 45 32 81 86 85 0 50 60 39
TEST 8 ARG:52 82 92 93 87 90 33 50 8 66 28 30 83 73 68 99 22 16 80 15 78 62 67 38 72 77 5 3 71 9 75 95 0 61 18 35 74 85 19 21 41 17 76 59 7 54 97 57 49 10 79 20 94 58 11 47 1 64 43 23 45 39 37 2 88 44 13 91 29 84 32 31 63 26 40 6 36 81 56 34 27 53 69 51 70 14 4 42 12 60 46 65 55 98 25 48 86 24 89 96
TEST 9 ARG:80 67 31 95 26 42 61 62 50 55 73 19 0 41 84 77 97 85 37 59 24 90 36 83 13 74 38 18 93 89 82 47 88 70 12 96 25 63 6 86 75 56 54 49 1 81 40 72 69 32 5 44 51 10 17 71 46 3 28 20 99 92 98 2 39 57 43 65 23 33 78 66 16 68 60 52 9 53 48 64 29 30 34 27 14 76 8 35 79 87 11 58 91 4 45 7 21 15 22 94
TEST 10 ARG:76 2 38 1 58 36 59 47 49 27 32 82 71 93 57 8 14 99 61 17 7 94 6 89 88 44 74 52 75 86 54 68 62 15 22 69 18 10 53 98 83 66 37 40 84 91 85 30 12 70 39 29 16 56 11 5 51 78 0 72 20 25 3 13 4 67 9 77 50 64 65 41 34 35 87 81 73 80 97 23 45 46 24 43 19 60 79 63 33 96 42 90 95 26 92 21 48 31 55 28
TEST 11 ARG:4 8 57 64 93 32 66 28 85 9 65 40 90 5 97 6 13 53 68 70 75 15 91 63 38 82 7 89 78 41 37 55 25 35 80 92 21 31 67 33 87 88 96 19 59 1 2 81 47 99 51 3 20 44 73 54 45 76 86 95 56 42 60 17 71 94 18 34 77 24 46 83 74 58 98 26 36 72 22 14 30 11 79 29 16 61 48 0 49 10 69 84 43 52 23 39 62 50 27 12
